## code to prepare `vars.ejscreen.acs` dataset

vars.ejscreen.acs <- c(
  "B01001.001", "B01001.003", "B01001.004", "B01001.005", "B01001.006",
  "B01001.020", "B01001.021", "B01001.022", "B01001.023", "B01001.024",
  "B01001.025", "B01001.027", "B01001.028", "B01001.029", "B01001.030",
  "B01001.044", "B01001.045", "B01001.046", "B01001.047", "B01001.048",
  "B01001.049",

  "B03002.001", "B03002.002", "B03002.003", "B03002.004",
  "B03002.005", "B03002.006", "B03002.007", "B03002.008", "B03002.009",
  "B03002.010", "B03002.011", "B03002.012", "B03002.013", "B03002.014",
  "B03002.015", "B03002.016", "B03002.017", "B03002.018", "B03002.019",
  "B03002.020", "B03002.021",

  "B15002.001", "B15002.003", "B15002.004",
  "B15002.005", "B15002.006", "B15002.007", "B15002.008", "B15002.009",
  "B15002.010", "B15002.020", "B15002.021", "B15002.022", "B15002.023",
  "B15002.024", "B15002.025", "B15002.026", "B15002.027",

  "B16001.001",
  "B16001.002", "B16001.003", "B16001.005", "B16001.006", "B16001.008",
  "B16001.009", "B16001.011", "B16001.012", "B16001.014", "B16001.015",
  "B16001.017", "B16001.018", "B16001.020", "B16001.021", "B16001.023",
  "B16001.024", "B16001.026", "B16001.027", "B16001.029", "B16001.030",
  "B16001.032", "B16001.033", "B16001.035", "B16001.036", "B16001.038",
  "B16001.039", "B16001.041", "B16001.042", "B16001.044", "B16001.045",
  "B16001.047", "B16001.048", "B16001.050", "B16001.051", "B16001.053",
  "B16001.054", "B16001.056", "B16001.057", "B16001.059", "B16001.060",
  "B16001.062", "B16001.063", "B16001.065", "B16001.066", "B16001.068",
  "B16001.069", "B16001.071", "B16001.072", "B16001.074", "B16001.075",
  "B16001.077", "B16001.078", "B16001.080", "B16001.081", "B16001.083",
  "B16001.084", "B16001.086", "B16001.087", "B16001.089", "B16001.090",
  "B16001.092", "B16001.093", "B16001.095", "B16001.096", "B16001.098",
  "B16001.099", "B16001.101", "B16001.102", "B16001.104", "B16001.105",
  "B16001.107", "B16001.108", "B16001.110", "B16001.111", "B16001.113",
  "B16001.114", "B16001.116", "B16001.117", "B16001.119",

  "C16002.001",
  "C16002.003", "C16002.004", "C16002.006", "C16002.007", "C16002.009",
  "C16002.010", "C16002.012", "C16002.013",

  "C17002.001", "C17002.002",
  "C17002.003", "C17002.004", "C17002.005", "C17002.006", "C17002.007",
  "C17002.008",

  "B25034.001", "B25034.002", "B25034.003", "B25034.004",
  "B25034.005", "B25034.006", "B25034.007", "B25034.008", "B25034.009",
  "B25034.010",

  "B23025.001", "B23025.002", "B23025.003", "B23025.004",
  "B23025.005", "B23025.006", "B23025.007"
)

usethis::use_data(vars.ejscreen.acs, overwrite = TRUE)
